// Generated using the following Python one-liner:
// [[0 if brightness == 0 else round((brightness + 1) / 16 * color * 255 / 31) for color in range(32)] for brightness in range(16)]
pub const TABLE: &[[u8; 32]; 16] = &[
    [
        0, 0, 0, 0, 0, 0, 0, 0, 0, 0, 0, 0, 0, 0, 0, 0, 0, 0, 0, 0, 0, 0, 0, 0, 0, 0, 0, 0, 0, 0,
        0, 0,
    ],
    [
        0, 1, 2, 3, 4, 5, 6, 7, 8, 9, 10, 11, 12, 13, 14, 15, 16, 17, 19, 20, 21, 22, 23, 24, 25,
        26, 27, 28, 29, 30, 31, 32,
    ],
    [
        0, 2, 3, 5, 6, 8, 9, 11, 12, 14, 15, 17, 19, 20, 22, 23, 25, 26, 28, 29, 31, 32, 34, 35,
        37, 39, 40, 42, 43, 45, 46, 48,
    ],
    [
        0, 2, 4, 6, 8, 10, 12, 14, 16, 19, 21, 23, 25, 27, 29, 31, 33, 35, 37, 39, 41, 43, 45, 47,
        49, 51, 53, 56, 58, 60, 62, 64,
    ],
    [
        0, 3, 5, 8, 10, 13, 15, 18, 21, 23, 26, 28, 31, 33, 36, 39, 41, 44, 46, 49, 51, 54, 57, 59,
        62, 64, 67, 69, 72, 75, 77, 80,
    ],
    [
        0, 3, 6, 9, 12, 15, 19, 22, 25, 28, 31, 34, 37, 40, 43, 46, 49, 52, 56, 59, 62, 65, 68, 71,
        74, 77, 80, 83, 86, 89, 93, 96,
    ],
    [
        0, 4, 7, 11, 14, 18, 22, 25, 29, 32, 36, 40, 43, 47, 50, 54, 58, 61, 65, 68, 72, 76, 79,
        83, 86, 90, 94, 97, 101, 104, 108, 112,
    ],
    [
        0, 4, 8, 12, 16, 21, 25, 29, 33, 37, 41, 45, 49, 53, 58, 62, 66, 70, 74, 78, 82, 86, 90,
        95, 99, 103, 107, 111, 115, 119, 123, 128,
    ],
    [
        0, 5, 9, 14, 19, 23, 28, 32, 37, 42, 46, 51, 56, 60, 65, 69, 74, 79, 83, 88, 93, 97, 102,
        106, 111, 116, 120, 125, 130, 134, 139, 143,
    ],
    [
        0, 5, 10, 15, 21, 26, 31, 36, 41, 46, 51, 57, 62, 67, 72, 77, 82, 87, 93, 98, 103, 108,
        113, 118, 123, 129, 134, 139, 144, 149, 154, 159,
    ],
    [
        0, 6, 11, 17, 23, 28, 34, 40, 45, 51, 57, 62, 68, 74, 79, 85, 90, 96, 102, 107, 113, 119,
        124, 130, 136, 141, 147, 153, 158, 164, 170, 175,
    ],
    [
        0, 6, 12, 19, 25, 31, 37, 43, 49, 56, 62, 68, 74, 80, 86, 93, 99, 105, 111, 117, 123, 130,
        136, 142, 148, 154, 160, 167, 173, 179, 185, 191,
    ],
    [
        0, 7, 13, 20, 27, 33, 40, 47, 53, 60, 67, 74, 80, 87, 94, 100, 107, 114, 120, 127, 134,
        140, 147, 154, 160, 167, 174, 180, 187, 194, 201, 207,
    ],
    [
        0, 7, 14, 22, 29, 36, 43, 50, 58, 65, 72, 79, 86, 94, 101, 108, 115, 122, 130, 137, 144,
        151, 158, 166, 173, 180, 187, 194, 202, 209, 216, 223,
    ],
    [
        0, 8, 15, 23, 31, 39, 46, 54, 62, 69, 77, 85, 93, 100, 108, 116, 123, 131, 139, 147, 154,
        162, 170, 177, 185, 193, 201, 208, 216, 224, 231, 239,
    ],
    [
        0, 8, 16, 25, 33, 41, 49, 58, 66, 74, 82, 90, 99, 107, 115, 123, 132, 140, 148, 156, 165,
        173, 181, 189, 197, 206, 214, 222, 230, 239, 247, 255,
    ],
];
